[1; 2; 3; 6; 5; 8; 9; 12; 15; 14; 11; 10; 7]     27
[1; 2; 5; 8; 9; 12; 15; 14; 11; 10; 7]           29
[1; 2; 3; 6; 5; 8; 9; 12; 11; 10; 7]             24
[1; 2; 5; 8; 9; 12; 11; 10; 7]                   26
[1; 2; 3; 6; 5; 8; 11; 10; 7]                    18
[1; 2; 5; 8; 11; 10; 7]                          20
[1; 2; 3; 6; 5; 8; 7]                            13
[1; 2; 5; 8; 7]                                  15
[1; 2; 3; 6; 5; 4; 7]                            16
[1; 2; 5; 4; 7]                                  18
